# Created by Octave 3.6.2, Mon Jul 15 11:45:41 2013 WEST <rui@lirios-main>
# name: b
# type: matrix
# rows: 1
# columns: 3
 0.9905247965126072 -1.884090124550492 0.9905247965126072


# name: a
# type: matrix
# rows: 1
# columns: 3
 1 -1.884090124550492 0.9810495930252144


